465, 60
464, 61
463, 62
462, 63
461, 64
460, 65
459, 66
458, 67
457, 68
456, 69
455, 70
454, 71
453, 72
452, 73
451, 74
450, 75
449, 76
448, 77
447, 78
446, 79
445, 80
444, 81
443, 82
442, 83
441, 83
440, 82
439, 81
438, 80
437, 79
436, 78
435, 77
434, 76
433, 75
432, 74
431, 73
430, 72
429, 71
428, 71
427, 71
426, 71
425, 71
424, 71
423, 71
422, 71
421, 71
420, 71
419, 71
418, 71
417, 71
416, 71
415, 71
414, 71
413, 71
412, 71
411, 71
410, 71
409, 71
408, 71
407, 71
406, 71
405, 71
404, 71
403, 71
402, 71
401, 71
400, 71
399, 71
398, 71
397, 71
396, 71
395, 71
394, 71
393, 71
392, 71
391, 71
390, 71
389, 71
388, 71
387, 71
386, 71
385, 71
384, 71
383, 71
382, 71
381, 71
380, 71
379, 71
378, 71
377, 71
376, 71
375, 71
374, 72
373, 73
372, 74
371, 75
370, 76
369, 77
368, 78
367, 79
366, 80
365, 81
364, 82
363, 83
362, 84
361, 85
360, 86
359, 87
358, 88
357, 89
356, 90
355, 91
354, 92
353, 93
352, 94
351, 95
350, 96
349, 97
348, 98
347, 99
346, 100
345, 101
344, 102
343, 103
342, 104
341, 105
340, 106
339, 107
338, 108
337, 109
336, 110
335, 111
334, 112
333, 113
332, 114
331, 115
330, 116
329, 117
328, 118
327, 119
326, 120
325, 121
324, 122
323, 123
322, 124
321, 125
320, 126
319, 127
318, 128
317, 129
316, 130
315, 131
314, 132
313, 133
312, 134
311, 135
310, 136
309, 137
308, 138
307, 139
306, 140
305, 141
304, 142
303, 143
302, 144
301, 145
300, 146
299, 147
298, 148
297, 149
296, 150
295, 151
294, 152
293, 153
292, 154
291, 155
290, 156
289, 157
288, 158
287, 159
286, 160
285, 161
284, 162
283, 163
282, 164
281, 165
280, 166
279, 167
278, 168
277, 169
276, 170
275, 171
274, 172
273, 173
272, 174
271, 175
270, 176
269, 177
268, 178
267, 179
266, 180
265, 181
264, 182
263, 183
262, 184
261, 185
260, 186
259, 187
258, 188
257, 189
256, 190
255, 191
254, 192
253, 193
252, 194
251, 195
250, 196
249, 197
248, 198
247, 199
246, 200
245, 201
244, 202
243, 203
242, 204
241, 205
240, 206
239, 207
238, 208
237, 209
236, 210
235, 211
234, 212
233, 213
232, 214
231, 215
230, 216
229, 217
228, 218
227, 219
226, 220
225, 221
224, 222
223, 223
222, 224
221, 225
220, 226
220, 227
220, 228
220, 229
220, 230
220, 231
220, 232
220, 233
220, 234
220, 235
220, 236
220, 237
220, 238
220, 239
220, 240
220, 241
220, 242
220, 243
220, 244
220, 245
220, 246
220, 247
220, 248
220, 249
220, 250
220, 251
220, 252
220, 253
220, 254
220, 255
220, 256
220, 257
220, 258
220, 259
220, 260
220, 261
220, 262
220, 263
220, 264
220, 265
220, 266
220, 267
220, 268
220, 269
220, 270
220, 271
220, 272
220, 273
220, 274
220, 275
220, 276
220, 277
220, 278
220, 279
220, 280
220, 281
220, 282
220, 283
220, 284
220, 285
220, 286
220, 287
220, 288
220, 289
220, 290
220, 291
220, 292
220, 293
220, 294
220, 295
220, 296
220, 297
220, 298
220, 299
220, 300
220, 301
220, 302
220, 303
220, 304
220, 305
220, 306
220, 307
220, 308
220, 309
220, 310
220, 311
220, 312
220, 313
220, 314
220, 315
220, 316
220, 317
220, 318
220, 319
220, 320
220, 321
220, 322
220, 323
220, 324
220, 325
220, 326
220, 327
220, 328
220, 329
220, 330
220, 331
220, 332
220, 333
220, 334
220, 335
220, 336
220, 337
220, 338
220, 339
220, 340
220, 341
220, 342
220, 343
220, 344
220, 345
220, 346
220, 347
220, 348
220, 349
220, 350
220, 351
220, 352
220, 353
220, 354
220, 355
220, 356
220, 357
220, 358
220, 359
220, 360
220, 361
220, 362
220, 363
220, 364
220, 365
220, 366
220, 367
220, 368
220, 369
220, 370
220, 371
220, 372
220, 373
220, 374
220, 375
220, 376
220, 377
220, 378
220, 379
220, 380
220, 381
220, 382
220, 383
220, 384
220, 385
220, 386
220, 387
220, 388
220, 389
220, 390
220, 391
220, 392
220, 393
220, 394
220, 395
220, 396
220, 397
220, 398
220, 399
220, 400
220, 401
220, 402
220, 403
220, 404
220, 405
220, 406
220, 407
220, 408
220, 409
220, 410
220, 411
220, 412
220, 413
220, 414
220, 415
220, 416
220, 417
220, 418
220, 419
220, 420
220, 421
220, 422
220, 423
220, 424
220, 425
220, 426
220, 427
220, 428
220, 429
220, 430
220, 431
220, 432
220, 433
220, 434
220, 435
220, 436
220, 437
220, 438
220, 439
220, 440
220, 441
220, 442
220, 443
220, 444
220, 445
220, 446
220, 447
220, 448
220, 449
220, 450
220, 451
220, 452
220, 453
220, 454
220, 455
220, 456
220, 457
220, 458
220, 459
220, 460
220, 461
220, 462
220, 463
220, 464
220, 465
220, 466
220, 467
220, 468
220, 469
220, 470
220, 471
220, 472
220, 473
220, 474
220, 475
220, 476
220, 477
220, 478
220, 479
220, 480
220, 481
220, 482
220, 483
220, 484
220, 485
220, 486
220, 487
220, 488
220, 489
220, 490
220, 491
220, 492
220, 493
220, 494
220, 495
220, 496
220, 497
220, 498
220, 499
220, 500
220, 501
220, 502
220, 503
220, 504
220, 505
220, 506
220, 507
220, 508
220, 509
220, 510
220, 511
220, 512
220, 513
220, 514
220, 515
220, 516
220, 517
220, 518
220, 519
220, 520
220, 521
220, 522
220, 523
220, 524
220, 525
220, 526
220, 527
220, 528
220, 529
220, 530
220, 531
220, 532
220, 533
220, 534
220, 535
220, 536
220, 537
220, 538
220, 539
220, 540
220, 541
220, 542
220, 543
220, 544
220, 545
220, 546
220, 547
220, 548
220, 549
220, 550
220, 551
220, 552
220, 553
220, 554
220, 555
220, 556
220, 557
220, 558
220, 559
220, 560
220, 561
220, 562
220, 563
220, 564
220, 565
220, 566
220, 567
220, 568
220, 569
220, 570
220, 571
220, 572
220, 573
220, 574
220, 575
220, 576
220, 577
220, 578
220, 579
220, 580
220, 581
220, 582
220, 583
220, 584
220, 585
220, 586
220, 587
220, 588
220, 589
220, 590
220, 591
220, 592
220, 593
220, 594
220, 595
220, 596
220, 597
220, 598
220, 599
220, 600
220, 601
220, 602
220, 603
220, 604
220, 605
220, 606
220, 607
220, 608
220, 609
220, 610
220, 611
220, 612
220, 613
220, 614
220, 615
220, 616
220, 617
220, 618
220, 619
220, 620
220, 621
220, 622
220, 623
220, 624
220, 625
220, 626
220, 627
220, 628
220, 629
220, 630
220, 631
220, 632
220, 633
220, 634
220, 635
220, 636
220, 637
220, 638
220, 639
220, 640
220, 641
220, 642
220, 643
220, 644
220, 645
220, 646
220, 647
220, 648
220, 649
220, 650
220, 651
220, 652
220, 653
220, 654
220, 655
220, 656
220, 657
220, 658
220, 659
220, 660
220, 661
220, 662
220, 663
220, 664
220, 665
220, 666
220, 667
220, 668
220, 669
220, 670
220, 671
220, 672
220, 673
220, 674
220, 675
220, 676
220, 677
220, 678
220, 679
220, 680
220, 681
220, 682
220, 683
220, 684
220, 685
220, 686
220, 687
220, 688
220, 689
220, 690
220, 691
220, 692
220, 693
220, 694
220, 695
220, 696
220, 697
220, 698
220, 699
220, 700
220, 701
220, 702
220, 703
220, 704
220, 705
220, 706
220, 707
220, 708
220, 709
220, 710
220, 711
220, 712
220, 713
220, 714
220, 715
220, 716
220, 717
220, 718
220, 719
220, 720
220, 721
220, 722
220, 723
220, 724
220, 725
220, 726
220, 727
220, 728
220, 729
220, 730
220, 731
220, 732
220, 733
220, 734
220, 735
220, 736
220, 737
220, 738
220, 739
220, 740
220, 741
220, 742
220, 743
220, 744
220, 745
220, 746
220, 747
220, 748
220, 749
220, 750
